Result: safe in 4.9355 seconds
############# Summary #############
Final verified acc: 74.73118279569893% (total 186 examples)
Problem instances count: 186 , total verified (safe/unsat): 139 , total falsified (unsafe/sat): 47 , timeout: 0
mean time for ALL instances (total 186):1.9645940713971561, max time: 54.234575510025024
mean time for verified SAFE instances(total 139): 2.2266220428960786, max time: 54.234575510025024
mean time for verified (SAFE + UNSAFE) instances (total 186): 1.9645941770204933, max time: [4.821571588516235, 1.0234034061431885, 1.106515645980835, 1.0997600555419922, 0.9154942035675049, 1.007641077041626, 0.8706808090209961, 0.8053278923034668, 0.7218718528747559, 1.008063554763794, 1.19999098777771, 1.0056805610656738, 1.0729968547821045, 1.576047420501709, 1.272651195526123, 1.7035722732543945, 1.8368535041809082, 2.0503509044647217, 1.1007652282714844, 1.1980319023132324, 1.0525925159454346, 1.104989767074585, 1.2826440334320068, 1.4885666370391846, 1.6320545673370361, 1.6337978839874268, 2.6817355155944824, 1.260249376296997, 1.0043985843658447, 1.1002631187438965, 1.103532075881958, 1.2501389980316162, 1.8512699604034424, 2.1611244678497314, 1.918360710144043, 2.256060838699341, 1.0627753734588623, 1.120962142944336, 1.080104112625122, 1.0240156650543213, 1.248234510421753, 1.6039478778839111, 1.5930485725402832, 2.0844664573669434, 1.6154606342315674, 3.8827242851257324, 1.804032802581787, 1.8240087032318115, 2.1755998134613037, 54.234575510025024, 48.187908411026, 17.06134557723999, 1.396259069442749, 2.088465929031372, 0.525787353515625, 0.5225374698638916, 0.2934737205505371, 1.2041208744049072, 1.011742115020752, 0.8184497356414795, 0.295238733291626, 0.5226237773895264, 0.29436159133911133, 0.294327974319458, 0.2948572635650635, 0.294036865234375, 0.5279531478881836, 0.7274572849273682, 0.6022086143493652, 0.6274833679199219, 0.5244288444519043, 0.5884208679199219, 0.295302152633667, 0.5237734317779541, 0.5970096588134766, 1.3002166748046875, 1.3931443691253662, 1.4028632640838623, 0.5245046615600586, 0.29515862464904785, 0.5207817554473877, 0.5236825942993164, 0.30029296875, 0.5923049449920654, 1.405714511871338, 1.2031521797180176, 0.5236175060272217, 0.5210859775543213, 0.5232727527618408, 0.5233011245727539, 0.2967202663421631, 0.5268659591674805, 0.5288794040679932, 2.9940402507781982, 1.5973727703094482, 1.2869725227355957, 0.5762641429901123, 0.5885040760040283, 0.5207412242889404, 0.5227892398834229, 0.531442403793335, 0.527759313583374, 0.5298323631286621, 0.530839204788208, 0.5332837104797363, 0.5283670425415039, 0.6373062133789062, 0.29839205741882324, 0.5220119953155518, 0.5884861946105957, 0.29476189613342285, 0.5297577381134033, 0.5299315452575684, 0.5307278633117676, 0.5303139686584473, 0.6281194686889648, 0.5256633758544922, 0.2970757484436035, 0.525428295135498, 0.526646614074707, 0.5309848785400391, 0.5320637226104736, 0.5324397087097168, 0.5305600166320801, 0.5295941829681396, 0.528353214263916, 0.5286900997161865, 0.5279421806335449, 0.5294139385223389, 0.5295650959014893, 0.6421341896057129, 0.2956833839416504, 0.2934305667877197, 0.5230908393859863, 0.5243926048278809, 34.89640951156616, 16.06628441810608, 6.232940196990967, 4.935520172119141]
mean time for verified UNSAFE instances (total 47): 1.1896607013458902, max time: 24.390946626663208
safe (total 139), index: [0, 1, 2, 3, 4, 5, 6, 7, 8, 9, 10, 11, 12, 13, 14, 15, 16, 17, 18, 19, 20, 21, 22, 23, 24, 25, 26, 27, 28, 29, 30, 31, 32, 33, 34, 35, 36, 37, 38, 39, 40, 41, 42, 43, 44, 45, 51, 52, 53, 65, 73, 90, 91, 92, 93, 94, 95, 99, 100, 101, 102, 103, 104, 105, 106, 107, 108, 109, 110, 111, 112, 113, 114, 115, 116, 117, 118, 119, 120, 121, 122, 123, 124, 125, 126, 127, 128, 129, 130, 131, 132, 133, 134, 135, 136, 137, 138, 139, 140, 144, 145, 146, 147, 148, 149, 150, 151, 152, 153, 154, 155, 156, 157, 158, 159, 160, 161, 162, 163, 164, 165, 166, 167, 168, 169, 170, 171, 172, 173, 174, 175, 176, 177, 178, 179, 180, 181, 184, 185]
unsafe-bab (total 5), index: [46, 47, 49, 83, 182]
unsafe-pgd (total 42), index: [48, 50, 54, 55, 56, 57, 58, 59, 60, 61, 62, 63, 64, 66, 67, 68, 69, 70, 71, 72, 74, 75, 76, 77, 78, 79, 80, 81, 82, 84, 85, 86, 87, 88, 89, 96, 97, 98, 141, 142, 143, 183]